1017182
1024381
104077
1048464
1080813
108650
1093991
1095613
1098962
1108138
1109724
1112389
1125261
1137556
1155262
1155906
1161814
1162672
1184029
1190053
1191657
1194200
1220518
123770
1284973
1292260
1295878
1296242
1298430
1304602
1317042
1321369
1323308
1363447
1369532
137829
1379452
1380200
1381034
1389559
1392241
1393914
145984
1464593
1472578
1493024
1496503
1514988
151869
1525764
1527859
1534177
1556668
156216
1563488
1565113
1574122
1589656
1594586
1626458
1633946
164459
1664551
1672057
1678426
1687812
1695781
1699155
1706443
1714375
1723468
1733244
1749206
1752676
1755577
1778290
1797179
1807085
1816806
1824033
1828561
1835322
1853260
1876611
1888871
1892370
1912405
1916918
1920465
1943218
1955038
1957464
1960338
1969351
1970535
1974404
1974564
1980108
1995426
2004315
2009458
2020310
2021315
2029201
2055410
2055627
2076534
2077198
2077893
2078129
2089329
211103
2116641
2121272
2128472
2130658
2132432
2140049
2143570
2154824
2166594
2186573
2193926
2208137
222185
2236699
2238731
2269917
2278089
2278842
2279891
2289620
2294764
2299458
2302538
2325426
2327929
2351346
2359183
2359448
2368979
2393725
2398302
2403372
2416375
2433390
2442343
2457529
2468496
2469523
2476801
2480000
2503032
250356
2504457
2506906
2526325
2537794
2544166
2544176
2554526
2566310
2567161
2567164
2572367
2580198
2582912
2596014
2604819
2608063
2609221
2611139
2619120
2631341
2639307
2651802
2654129
2658549
2690935
2713747
2718238
2727606
2730452
2730922
2734798
2742452
2751883
2761154
27832
2790311
2802698
2805493
2812585
2817760
2830099
2852650
2854141
2880474
2885436
2893853
2896111
2902218
2924710
2946452
2960190
2971123
299740
3017299
3046784
3051252
3059870
3067038
3081362
3090596
3099859
3104460
3113520
3162356
3164392
3166279
317822
31826
3191962
3196036
3198076
3206575
3206743
3214165
3236223
3239722
3248640
3253453
3265162
3270417
3279705
328345
3289041
3291047
3294926
329529
3300795
3302772
3304655
3305457
3315533
332020
3325646
3331691
333807
3339253
3342911
3347780
3357585
3365819
3378836
3385146
3399075
3408528
3428183
3442814
3446282
3461327
3473605
3475105
3483036
3492786
3502624
3505545
3507243
3510892
3516861
3527144
3533761
3537302
3567562
3575668
3576942
3580330
36060
3617794
3628687
3654247
3661620
3684095
3696028
3710107
3719030
3721263
3721627
3724068
372712
3728873
3728990
3745447
3753969
3773336
3801688
380916
3822709
3840183
3843484
3845016
3852852
3860503
3868583
3877493
3877743
3883128
3893280
389870
3918860
392197
3934124
3935682
3937565
3937717
3947684
3950547
3955444
3964291
3966153
3976178
3979993
3981675
4001736
4012244
4029168
4029700
4041020
406668
4074090
4103051
4115502
4122924
4135969
4139189
4140405
414204
4145554
4148501
4161235
4176748
4188884
4188919
4193764
4208551
4211600
4213286
4223707
4247282
4251207
4255055
4268091
4270
427298
4300500
4307490
4320527
4335142
4354969
4368446
4369093
4379627
4403455
4416738
4420955
442466
4429163
4441196
444852
4451621
4452039
4468347
4470455
4488685
4503193
4504375
4504850
4517575
4536759
4551444
4558369
4568619
4569284
4569413
4570687
4584323
4591890
459866
4599128
4628112
4635672
4644875
4645822
4646221
465163
465816
4664674
4675395
4681623
4689094
4714952
4717368
4761236
4761691
4767540
4779425
4789551
4824275
482502
4828071
4828540
4833996
4853599
4857667
4861052
4874989
4898908
4900171
4908638
4909922
4915682
4920185
4930383
4930592
4949664
495539
4964707
4977626
4989190
4993796
4994791
5002966
5008296
5023034
5026475
5031218
5036850
5042420
5045410
5046656
5063406
5065328
5067924
5069663
5093129
5099360
5100031
5118368
5124541
5136503
5138985
5149276
5171904
5181215
5188056
5189259
51904
5199414
5204980
5214177
5216972
5222798
5224587
523039
5285127
5287
5292062
5300240
5307245
532186
5324073
533616
5343247
5358454
5373198
5374232
5396027
5412755
5423227
5424853
5428577
5431534
5435390
5439907
5446467
5460673
5462551
5463820
5465962
5470025
5501529
5506584
5511529
5516624
5541152
5543457
5564687
556743
5570263
5571775
5577745
5582544
55868
5591695
5591956
5594963
5605198
5612769
5622336
5633438
5639672
5641085
564278
5648721
5658704
5664929
5681213
5709730
5733888
5760133
5765947
5767130
5767637
5779989
5788782
5793168
5796233
580656
5807875
5809118
5810570
5811456
5817918
5820922
5840367
5843213
5872132
5885602
5889116
5892007
5892186
5898897
5901885
5910568
5913993
592552
5938237
5961847
5965714
5965930
5968549
6015996
6042892
6054339
6064206
6073503
6078654
6086516
6110971
6114204
6118539
6131486
6133544
6133994
6136595
614411
6145841
6155569
6177353
6185871
6211043
621516
6220562
6241513
6246535
6251711
6256859
6286753
6312728
6339621
6339687
6368156
6376575
6376861
6383938
6384667
6394294
641281
6414942
6417129
6419709
6435560
6454311
6462987
646684
6480574
6482410
6484318
648500
6488087
6505822
6512399
6523845
6554863
6556314
6559444
6567378
6576921
6577968
6586541
6590007
6617285
6620970
6626545
6628055
6629953
6636637
663789
6648085
6652127
6657668
6683439
6689896
6706897
6736174
6744453
6751776
6753583
6760745
6768851
6786639
6789371
6794123
6795634
6800162
6801521
6806294
6810749
6810869
6826605
6841152
6846531
6848718
6855104
6857610
6886281
6890514
6894115
6899373
6920232
6928422
6929255
6929952
6930240
6935895
6938503
6983760
6993013
6996575
6997674
7001999
7004531
7017903
7032932
7037709
7046434
7051520
7057784
7059918
7067854
7069394
7071343
7091857
7114673
7116945
7126944
7127600
7133487
7138570
7157682
7169448
7175587
7187873
7207244
721249
7227357
7241358
7248766
7250504
7252439
7261142
7263334
7263983
7272202
7272480
7280805
7291115
7302322
7325430
7342517
7362244
738380
73914
7395267
7406649
7421555
7427431
7435722
7436109
7441020
7450062
7455455
7456995
7483769
7490607
7494161
7500688
7528207
7553362
7555849
7561780
7568384
7577401
7583447
7585547
7586294
7592420
7600648
7607254
7617136
7617659
7622794
7626777
7658331
7674991
7694250
7695115
7723802
7728162
7729263
773194
7750640
7755765
7759999
7760027
7769412
7770687
7773437
7789828
779509
7813756
7819290
7841539
7851394
7854478
785578
7867605
7875141
7878314
7894604
7900452
7904170
7904174
7904522
7914156
7936126
7941514
7976435
7982136
7989626
8000524
8013144
8018600
803183
8034973
8045607
8046375
8049812
807282
8077188
8080643
8105010
8123205
8130049
8139770
8150477
8158843
8206716
8207446
8208877
8225617
824394
82482
8249973
8280265
8284489
8315198
8339425
8346233
8349366
8364706
8371171
8373648
8381513
8391714
8393373
8409554
8424608
8424997
8426477
8431160
8431559
8440471
8441520
8448355
8449672
8455139
8466461
8472076
8473235
8483776
8485296
8485849
8486105
8490117
8492984
8495822
8496467
8511346
8512160
8530634
8535284
8536556
8538817
8562701
8578559
8580457
8586119
8586723
8608119
8609398
8625412
8634627
8642581
8653675
8696257
870795
8711523
8732228
8740356
8741357
874690
8747071
8761011
8770874
8772169
8777028
8789393
8792502
8803060
8808339
8810014
8815263
8821219
8843937
8845305
8845894
8850337
8850874
8854078
886652
8886738
890360
8911229
8937010
8944596
8948493
8959509
8979069
8989245
9012622
9019747
9021959
902711
9040983
9050957
9052349
9052613
905549
9066929
9082863
9100169
9104225
9120647
9134323
9142809
9157034
9157269
9160906
9173181
9195858
9196025
9208464
922012
922073
9231602
9238640
9247393
9256109
9269167
9278566
9286164
928853
9289397
9294744
9322844
9328489
9338319
9340935
9347143
9349210
9363341
9366089
9381743
9392078
9408546
9415462
9426106
9426919
9455489
9457997
9458117
9461575
9465667
9472683
9481417
9486901
9502661
9516899
9518902
9524376
9526045
9527057
9542983
9548586
956769
9567812
9571802
9573204
9580304
9603273
9608101
9620238
9633056
9636435
96492
9650991
965282
9652830
9658672
9668896
9679682
9690835
9705032
971260
9726792
9751333
9754473
9756366
977005
9782464
9784529
9796097
9799904
9803171
9806028
9808113
9813695
9828634
9832466
9856999
9874966
9895149
9895660
9896907
9899340
9901036
9902492
9906547
9914328
9918482
9928362
9956179
9957624
9964368
9990230
9996060
9996236
9996888